image: new_903.pgm
resolution: 0.050000
origin: [-14.500000, -16.100000, 0.000000]
negate: 0
occupied_thresh: 0.65
free_thresh: 0.196

